117082250
200929422
397515326
751281272
759627147
1353165662
1554331125
117917826
147300722
150779330
201124782
367619498
367958673
368483139
372687249
375157988
531662999
533907485
542884101
553244716
562669302
573171238
577689101
745389971
746426875
747313003
748117918
749677236
750133179
751974576
753907415
755438446
757696101
759591567
760638546
761511106
761653754
761859961
763021765
763226168
763643279
764119920
765284268
769596479
769781748
769890583
770089393
770392533
772251120
772649163
774818443
775261393
775496049
776320357
778726413
779397218
868527511
911715553
926215759
937847098
950661653
951126354
953290165
985334692
995116237
997984275
1011873350
1165925087
1167109409
1181544777
1182485259
1193509264
1193919522
1200427033
1208573631
1209127927
1215020028
1234707634
1259022514
1259158366
1267219993
1269990131
1270756419
1292553671
1292889600
1301266606
1303438607
1305867367
1321052921
1329668867
1331084801
1334129003
1338584509
1355307327
1367161528
1376121173
1377160953
1380157710
1383013389
1407283972
1408443734
1411611305
1417734292
1418443872
1419601428
1425992652
1434240961
1438364196
1442666925
1448457613
1452649323
1454741686
1465378761
1478198722
1478557446
1479774677
1480889342
1490659113
1554333695
1562701949
1562713136
1562719088
1583970759
1583970981
1583985769
1583990416
1583992508
1583995662
1583997248
1583997384
1783015671
1783018067
1783018501
1783117624
1783125359
1783125790
1783126651
1783154895
1783159000
1783161412
1783162945
1783537001
1783538890
1783540032
1783541505
1783646983
1783651122
1783651554
1783652849
1783670327
1783701447
1783705528
1783708747
1783767513
1783804265
1783805694
1783819522

